0.09396878
0.09177911
0.102879696
0.096377835
0.09928641
0.09612926
0.096565425
0.11046455
0.09814036
0.09823582
0.0915824
0.09397129
0.10846364
0.093159094
0.096287966
0.11200675
0.097186595
0.097116664
0.09366491
0.10315818
0.09849122
0.099165596
0.10264999
0.08930583
0.093225636
0.111874446
0.09892441
0.106950164
0.09697397
0.09685465
0.10153877
0.094328344
0.091545604
0.09435849
0.10494427
0.098794505
0.102017455
0.10633271
0.10962249
0.092411235
0.1
0.09677957
0.09794283
0.0900834
0.09476991
0.09602179
0.09595486
0.10555886
0.0999307
0.09462873
0.10262107
0.09704572
0.11356186
0.09502084
0.10114573
0.09140834
0.09425426
0.103523225
0.098478064
0.09858981
0.097319625
0.09985799
0.09269112
0.09421176
0.09828356
0.10519269
0.09176266
0.10662172
0.091600575
0.09952742
0.09775208
0.096305266
0.1090563
0.09078066
0.09751459
0.101810634
0.10248046
0.101550125
0.10758471
0.09621352
0.10766748
0.09568621
0.09447562
0.09290259
0.095773995
0.090641536
0.09986687
0.10265041
0.11161466
0.10936397
0.10684743
0.112170495
0.09854848
0.10207548
0.10471852
0.09241701
0.09642088
0.1136945
0.11077312
0.09792495
0.10605355
0.10473787
0.10210808
0.11201863
0.10818514
0.10595626
0.09396008
0.108311236
0.105602205
0.10095087
0.10438331
0.09721268
0.09846976
0.092202485
0.103152946
0.092576034
0.11173187
0.10118234
0.101005286
0.09318568
0.10350817
0.09490818
0.09226748
0.106996834
0.09948146
0.10204797
0.10291559
0.10245482
