0.072616816
-0.0083440775
-0.09756502
0.07231286
0.041848406
-0.00947668
0.005709264
0.062450685
-0.017040534
0.00063102087
0.078327894
0.018178122
-0.19178014
0.025604041
-0.036160696
0.10142573
0.084716946
0.067375384
-0.14030914
-0.054494105
0.058625765
-0.0314329
0.1400839
0.038302124
-0.045777407
-0.025471926
0.029193161
0.059950806
0.0060673216
0.12300638
-0.0027426647
-0.09631912
0.10605385
0.04042736
-0.011454918
0.17642985
0.13272025
0.07780311
-0.049630154
0.07982635
-0.09082877
0.23210275
0.10811623
0.09530207
-0.060528934
0.046127874
0.09854242
-0.10916362
0.03176101
-0.21504228
-0.021534856
0.11348614
0.050812785
0.08730281
-0.0074419887
0.0036961585
0.117068715
0.07085616
0.030408802
0.30194122
0.06594136
-0.15519165
-0.005156805
-0.013235632
0.2015143
-0.10665371
0.027071277
0.036299575
0.04591265
0.08473804
0.07696543
0.046697713
-0.12373228
0.09858301
0.2210781
0.13383992
0.10507257
0.030162634
-0.02821536
0.021600256
-0.1371219
0.0021872465
0.06906909
0.19440092
-0.20839265
0.02958987
0.19604267
0.046908967
0.011734961
-0.044995427
0.0069996063
0.11158836
-0.17111327
0.03976891
0.2369637
-0.10817464
-0.0016351592
-0.039589945
-0.14872682
-0.023541315
-0.038842604
0.22442228
-0.018577762
0.08982494
-0.10005318
0.14556605
0.105612576
-0.13093746
-0.017462837
0.20410801
0.23022796
0.0021414137
0.17405777
0.0069963126
-0.15087983
-0.061226938
-0.09310107
0.11847444
0.13607062
0.16872327
0.1137311
0.028492149
0.11488973
0.06427028
-0.0031303281
-0.07285734
0.011441298
-0.05435624
-0.030617956
-0.035474125
-0.22208634
0.0801371
-0.05035581
-0.030934
0.09507012
0.22444874
-0.10216232
-0.10174964
0.059626162
-0.03720785
0.04931752
0.052901234
0.24036829
0.08921545
-0.015835004
-0.1382939
-0.22072048
-0.034579005
-0.008026334
0.23866902
0.092499666
0.07535281
0.041891236
0.16402213
0.12407579
0.25820678
0.047793128
0.0006245238
0.08522943
0.11412498
-0.11957049
0.005780065
0.12281548
0.14069612
-0.0072579025
0.13194072
-0.007552793
0.15938385
-0.15859073
0.04356461
-0.14618342
-0.007815222
0.036417756
0.19281517
0.15925178
-0.011428841
0.017514234
0.08606716
-0.11288478
-0.16737087
-0.05248948
-0.050206523
0.017017966
0.09821673
0.12146786
0.004681349
-0.06517117
-0.09211592
-0.14998138
-0.003315855
0.14980102
-0.15853906
0.100345775
-0.07178302
-0.08245877
-0.08470911
-0.18022141
-0.03239884
0.059187174
0.073635876
0.0035299144
0.011396748
-0.105938405
-0.15288955
0.031103902
-0.1658902
0.009590862
-0.14316559
0.11291474
-0.15072992
0.054078292
-0.037601195
0.013557221
0.082139455
-0.1054796
-0.028494138
0.045362655
-0.0982173
-0.09858363
-0.09892973
0.11781765
0.027874345
0.11930449
0.02436284
-0.095570244
-0.012592403
-0.0035852545
-0.18776909
-0.13708405
0.012877056
0.12182489
0.08564576
-0.10979509
0.045844898
0.01131132
-0.13692407
-0.084632084
-0.17639102
-0.013350185
0.027602427
0.07623292
0.13623863
0.13985978
0.10255827
-0.20948765
-0.0280526
-0.055890653
0.13445741
-0.017035682
-0.1864846
-0.095302016
-0.058153402
0.15227512
0.14633016
-0.017132547
0.09737279
0.09619966
0.036784124
0.14994143
-0.0420755
-0.015647262
0.062616505
0.037872896
-0.032644935
0.16264446
-0.058132287
-0.04266086
-0.08250577
0.10357096
-0.02092527
0.06969427
-0.22379704
-0.05376848
-0.023235142
0.046058655
0.013667492
0.009783236
0.05045836
-0.16375627
-0.05577015
0.022585358
0.067075945
-0.10812881
-0.033462726
-0.035655722
-0.05628544
0.06864183
0.0039403625
0.030330757
-0.16360727
0.028630063
-0.07936772
-0.1779337
0.0060113976
0.07168787
0.099236585
0.14737432
0.0093305595
-0.106859975
-0.08643563
0.1800333
-0.049779076
0.1823104
0.15989198
0.17729849
0.014416153
0.018014308
0.0506777
-0.09114793
-0.11321956
0.11390113
0.048367057
0.16503648
0.102558754
-0.08510952
-0.1094028
0.21915849
-0.008702515
-0.016093986
0.19052942
0.19153067
0.012116967
0.06376904
0.0714896
-0.074326776
0.05555363
0.06525216
0.030784244
0.20540643
-0.2142513
-0.006081594
-0.12351586
0.15073773
-0.1385978
0.006244084
-0.19410735
0.19012287
-0.19556503
0.099814564
0.09766498
0.06790562
0.017804055
-0.088164136
-0.03946871
0.06250285
-0.09527932
-0.14617914
-0.23231009
0.27036637
-0.112385914
0.023800293
-0.091557086
0.037129544
-0.15412536
0.21057941
-0.045449197
-0.017143713
-0.05733291
0.017514965
0.0797381
0.1258432
-0.14753179
-0.023597984
-0.08857898
0.19538902
-0.14221963
-0.080663
0.05350881
0.050109304
-0.041365873
0.07682067
0.050652675
-0.08856992
0.08106002
0.056093995
-0.010869786
0.12626733
-0.22550605
-0.01598503
-0.1605211
-0.13600874
-0.021589398
0.08980789
0.021068254
0.07578701
0.05716085
0.12109036
0.08360357
0.013722528
0.07774443
0.049378645
-0.006950416
-0.080988325
-0.18229666
-0.13927905
-0.117835626
0.1566216
-0.09023413
0.158971
0.08864246
