0.021168891
-0.10454878
0.078249395
-0.07685337
-0.002523088
-0.11643358
0.040615395
0.2076256
-0.08191673
0.07459394
-0.015642278
0.009993798
0.17456959
0.12183712
-0.0050571393
-0.035180815
0.18987279
0.015499954
-0.19681141
-0.073116995
0.117073104
-0.071981035
0.012144759
-0.0063203094
0.2127187
0.03224699
0.121816814
-0.026649911
-0.20123936
0.1847183
-0.011467542
0.021150837
0.095655076
0.1530653
-0.13527326
0.082074545
0.005729063
-0.059223257
-0.029502902
0.02339465
0.076957405
0.023133758
0.17061763
0.08436929
-0.12670067
0.07942648
-0.1689287
0.013886695
0.1113596
0.025778059
0.15344244
0.11839782
-0.23834024
-0.012767361
-0.14309329
0.08150337
0.17468783
0.10142768
-0.113358535
-0.09204649
-0.021370735
-0.03787
-0.16872734
0.0032738047
-0.2271003
-0.17616005
0.0475335
0.13831297
-0.0064654583
-0.10999416
0.027178133
0.020729227
0.021720663
-0.15199454
-0.11504598
0.029010737
0.095034145
-0.21668881
0.094426855
-0.11557979
-0.05175723
-0.1820162
-0.06740349
0.086315446
0.06324874
0.0006079081
-0.004473244
-0.002640773
0.017636903
0.04155988
-0.1513314
-0.19637373
-0.047017932
-0.1015056
0.016253361
0.14332318
0.15495141
-0.09263426
0.15620697
-0.015834592
-0.14139582
-0.15904483
6.5753025e-05
0.07514244
0.14274663
0.034932744
-0.054885905
-0.03429951
0.115639396
-0.06646396
0.067052074
-0.15681592
-0.091920696
0.10680369
0.030438697
0.034235977
-0.055722866
0.012433617
-0.081058316
0.0004198432
0.06793378
0.12804751
-0.04396575
0.11572652
0.15044098
-0.07782394
0.012373331
-0.11887656
0.0020264876
0.13638377
0.10589869
0.05296438
0.010024129
0.16326395
0.041446984
0.035429887
0.031032464
0.15508598
-0.07480217
-0.06536096
0.10637572
-0.14321488
-0.07155071
-0.0553754
-0.106999695
0.06330954
0.052457202
-0.1110433
-0.02136304
-0.035382606
-0.14976385
0.024668228
-0.104663596
-0.22824356
-0.020324359
-0.08555676
0.10287874
-0.11558955
0.030272923
-0.20518042
-0.02658409
0.008397662
0.15919346
0.02850365
0.060096286
0.05103337
-0.062409155
-0.07182117
0.13505659
0.045111906
-0.053689152
-0.17102411
0.020669352
-0.00722788
0.19827595
-0.043411244
0.10849201
-0.01939018
-0.09187011
-0.014351038
0.0755337
-0.084219836
0.07270586
-0.11913854
-0.017088596
-0.019555004
-0.16758205
-0.053019505
0.08020702
-0.018690217
-0.053183753
0.041927423
0.10908256
0.1617758
-0.07547377
-0.12703513
-0.17254831
-0.055030733
0.15111403
-0.22883524
-0.023100602
-0.15215564
-0.108688705
-0.08354753
0.041720588
-0.11047344
0.0025620589
-0.024338512
-0.011108725
0.08095865
0.009070029
-0.12491724
0.13926397
0.11834926
-0.044217598
-0.14722691
0.013519786
-0.21785198
0.11811562
-0.090889364
-0.080575414
0.028060954
-0.016662875
-0.10589891
0.1412311
-0.0011849661
-0.08013873
0.13561109
-0.045686405
0.17027521
-0.041387703
-0.049065948
0.108333126
0.019927647
-0.023988616
0.09605195
0.1719224
-0.09447935
0.15308361
-0.046493113
-0.0026564333
-0.03717301
0.020202396
0.12562527
-0.25024587
0.16112535
0.012851652
0.008087609
-0.05938112
-0.13475949
0.04111555
0.20119344
-0.020592773
0.14418906
-0.054349843
-0.10973481
-0.07009927
-0.015034648
0.10267662
0.14149067
0.11878795
-0.10924895
-0.11945443
-0.076189436
0.04947704
-0.09675107
-0.17089438
-0.039188623
0.1076566
0.12350993
-0.109040156
0.05186388
-0.15142097
-0.0001874484
0.1528795
0.108018264
0.12930298
-0.15572582
0.06947134
-0.046538163
0.09096567
-0.108712845
-0.17558481
0.0729029
0.039804872
0.050828036
0.022549806
0.04595685
-0.01409718
0.07315783
0.10943452
-0.15852866
-0.15314016
-0.10666307
0.0023722358
0.015952885
0.070496105
0.06198987
-0.01812807
-0.11919111
-0.16071834
0.05610679
0.033832338
0.10079474
0.15741894
-0.048039418
-0.11438575
0.1245577
0.04908273
0.04022443
0.14377174
-0.04586988
-0.050705418
-0.015496025
-0.015874548
-0.06081272
0.0792733
0.052093726
0.008468424
0.05975679
0.027199784
-0.08625058
0.1747811
0.10514928
0.07027572
-0.082573675
-0.045150656
-0.006453081
0.037335627
-0.052529294
-0.052776374
0.07793688
0.091807045
0.035431072
-0.051810864
0.027451403
0.14645475
0.014866636
0.04820399
-0.08521357
0.07813087
-0.027179725
0.05255018
-0.09846558
0.11663922
-0.20021282
0.120139234
-0.06376058
-0.15162009
0.051334564
-0.16919382
0.14574392
0.10447939
-0.13784444
0.07629913
-0.10797562
-0.014107169
0.046570588
0.08582602
-0.026737602
-0.15580891
0.13316083
0.13943675
0.020352159
0.09448531
0.022417149
0.0058011846
0.03994446
0.051500544
-0.16796646
-0.07465668
0.1257522
-0.13928223
0.06310836
0.0532191
-0.039435524
0.10712111
-0.23022956
0.044725172
0.04233131
0.027688075
0.09316408
-0.07930605
0.067942746
-0.08489231
-0.061074656
-0.19098292
-0.03364826
0.002274278
0.111098535
0.05686609
-0.16815028
-0.059782952
-0.016727107
-0.1846414
-0.1214882
-0.075774886
-0.10297668
0.020052804
0.18169886
-0.07115951
0.023708308
0.13106383
0.03782419
0.15012486
-0.043715995
0.15156038
0.015762186
0.1338828
0.048111927
-0.1189723
-0.12513173
-0.04208826
0.02914602
0.174421
0.012676954
0.070258066
0.040732045
-0.14611048
0.12491315
-0.086290315
-0.0868211
0.059180252
0.09979503
-0.10906665
0.064159736
-0.113074094
-0.0898069
0.028126111
-0.07653139
0.07622075
-0.10934101
0.07351203
0.1196525
-0.11942369
-0.11805258
-0.19430123
0.089910954
0.030568838
0.046162214
0.07149535
-0.0692182
0.040876698
-0.06379287
-0.10646336
-0.049985886
-0.10870432
-0.08107928
-0.075991146
-0.12895232
-0.066883236
-0.11084943
-0.051295187
0.14544675
-0.08307069
-0.0018072445
-0.11890288
0.06487203
0.14642824
0.114799984
0.0027449278
0.07162244
0.13400656
-0.21341808
-0.0841155
-0.19295606
-0.09850551
-0.074474186
-0.12633348
0.051778395
0.078344405
0.14014225
0.062497016
0.16057186
-0.15583834
0.14130837
0.09543479
-0.22898872
-0.08914399
0.008002917
-0.054663494
-0.10210217
0.09246426
-0.013242945
-0.20687048
-0.11012741
-0.016703311
0.1328923
-0.15747751
0.04519841
-0.07559389
-0.0898334
-0.04755986
-0.08158573
-0.10909503
-0.044835955
-0.08688076
0.04456373
-0.119976886
-0.04102053
0.11668642
-0.108287714
0.02186343
-0.006127501
0.040727574
0.14599812
0.14016098
-0.16186062
0.17792849
-0.022993151
-0.116545446
-0.10346358
0.10861074
-0.1648952
0.18452533
0.041110598
0.17557263
-0.07129799
-0.04717775
0.08013838
0.021359779
0.16849673
-0.035466038
-0.061909977
0.01955115
-0.054404683
0.20714489
-0.105597965
0.0018553145
-0.23462147
-0.048740767
-0.24654469
-0.07667484
0.037497032
-0.036790077
-0.099060066
-0.14005905
-0.03818235
-0.08228103
-0.07185423
-0.13926324
-0.13372642
-0.04344564
-0.0982157
0.049239047
-0.0494522
-0.017912598
0.092894465
-0.12615472
0.057162937
-0.18051693
-0.1262348
0.017397681
-0.017774956
-0.11762227
0.0033477817
0.12903197
0.04277442
0.1355082
-0.01923277
-0.1251734
-0.026670806
-0.13476117
0.1783354
-0.026991978
0.06662949
-0.01335051
0.047643486
-0.06887584
0.0065737143
-0.026232095
0.1620031
0.078783184
0.1506661
-0.051156167
0.15791324
0.10979282
-0.19831201
-0.002196686
-0.15450951
-0.05796683
0.06911849
0.07838578
0.06362708
-0.0027786936
0.11054109
-0.057377473
-0.18491557
0.05935432
-0.18300524
-0.02817326
-0.23057033
-0.09044956
0.1012485
0.080966264
0.091425695
-0.1063151
-0.033141904
-0.06530891
0.035201028
0.07148855
0.06877083
-0.018913293
-0.021121759
-0.0010600628
-0.08969312
0.012856262
0.10772439
-0.11105295
-0.10446129
0.10575346
-0.11054061
-0.033332378
0.0015576644
-0.071578555
0.018981617
-0.06766119
0.15027554
0.090473995
0.07688331
0.15016419
0.08549099
-0.01583855
0.09448627
0.03557865
-0.01131654
-0.028229127
0.1381131
0.13154875
0.15055616
-0.003992323
0.14141457
0.047919173
-0.16301507
-0.1209926
0.08258016
0.016079867
0.18488123
0.14659792
0.10161214
-0.16397652
-0.1050384
-0.17332661
-0.072235554
0.042557288
0.16494673
0.08270368
0.0024522229
0.052471384
0.08179144
0.06854531
-0.0046021193
0.09910563
-0.08150983
-0.12960838
0.009250327
0.023653904
-0.07282608
0.11201509
-0.06210074
-0.006617863
0.05938444
-0.07502576
0.12935978
0.001729031
0.1641692
0.14805934
0.02591079
0.026897674
-0.048905384
-0.019346355
0.13470037
0.035750147
0.04665899
0.015808195
-0.083022706
-0.03993001
0.062400706
-0.19665657
-0.14576669
-0.017598065
-0.06967538
0.07733392
0.035783395
-0.05716125
0.024680402
0.09021483
-0.0003549446
-0.21327391
-0.12482011
-0.028335743
-0.027512992
0.069869615
0.12655437
0.001338253
0.07687997
-0.19495346
0.16565125
0.0106925005
0.08677902
-0.09901991
0.035056066
0.14170472
0.055522796
0.025657164
-0.17323267
-0.08712098
-0.08807658
0.062413473
0.048694987
-0.17570819
-0.14905807
-0.0055051264
-0.03438375
0.07570534
-0.015114331
-0.12507553
-0.09503067
0.031316068
0.07633014
-0.08826869
0.08681686
-0.11203824
-0.12917176
-0.015205065
-0.13546889
-0.12151689
0.03125581
0.016034642
-0.03180412
0.104541846
-0.07702833
0.15873778
-0.17302424
-0.13019438
0.06983753
-0.10988356
0.070191145
0.03493578
-0.08800544
-0.20042594
-0.08566546
0.052635364
-0.0437644
-0.063081816
-0.104474664
0.15245968
-0.105409965
-0.06977237
0.08404339
-0.17341825
0.041566107
0.11439514
-0.06648202
0.13455096
-0.091887124
0.0052120336
-0.12099945
-0.14672692
-0.088494614
0.06224373
-0.03984409
-0.020290265
-0.06782058
-0.0063724974
-0.05233008
-0.0539231
0.13703747
0.20121205
0.0307892
0.021701368
0.020683885
-0.03408549
0.06464656
-0.2566079
-0.118905105
-0.097652756
0.07506432
-0.10117938
0.008076272
0.12979284
0.015404242
-0.1106359
0.041106626
-0.23379718
0.09064403
-0.041968178
-0.15285213
-0.066329874
0.042709447
-0.030753423
-0.18655163
-0.044410616
-0.042608842
0.14821583
-0.024331555
-0.06948715
0.13394065
0.1299158
0.089317985
-0.21566415
0.040790606
0.13109884
0.033213478
-0.13895087
-0.23067354
-0.1995253
-0.061558202
-0.06742031
0.1623484
0.14186466
-0.0492609
-0.09689011
-0.01602303
0.09394994
0.11021743
-0.047424648
0.05925874
0.040565737
-0.1326109
-0.08890004
-0.11071231
0.17918831
0.08027344
0.032293916
0.052055962
0.09228698
0.121725366
0.06984368
-0.069523275
0.004376387
-0.07802716
0.12941706
0.019180214
-0.048010193
0.14559893
0.058697954
0.048448708
0.012521038
-0.03227365
-0.1055894
-0.017211089
0.07436702
0.07714611
-0.104051016
0.08755122
8.119118e-05
-0.12454109
0.11835154
-0.064614795
-0.060139045
-0.0153833255
0.10559921
0.062735416
-0.1937137
-0.057712965
0.10028069
-0.033096917
-0.0001822564
-0.15999462
-0.05232341
0.07025724
-0.116354115
0.042407095
0.12679031
-0.1275201
0.16171978
0.08673524
0.04200611
-0.2717332
0.2086898
-0.12787963
0.0389973
-0.09341281
0.14417863
0.02256513
-0.12061356
-0.011641502
0.028383909
-0.004570924
0.007114264
0.14897257
-0.0041462355
-0.014660605
0.18696612
0.0161793
0.041789293
0.0028838546
0.018338019
0.1695143
-0.11459607
0.073015675
-0.20694675
0.014873522
0.013833931
0.055735502
-0.23700714
-0.022662494
0.029696332
-0.02221386
0.03821664
0.20787191
0.104754485
-0.12444558
-0.054416258
0.20002416
-0.035815317
0.0649397
-0.090221636
0.15329546
-0.11899824
0.08432976
0.0029105125
-0.11295237
0.10532603
0.034992892
-0.14754896
0.17810857
-0.06170928
0.07982127
-0.011948644
-0.17118348
-0.04129831
-0.15426587
0.07691145
0.028420372
0.06285687
-0.02738104
0.028995942
0.13781628
0.20775199
-0.19466847
0.0008296779
-0.19499099
0.014411863
0.03294206
-0.12981312
0.104396
-0.08103483
-0.05365069
0.005157267
0.08979029
0.051435154
-0.11965421
-0.20160347
-0.07179293
-0.11106706
0.06415818
-0.113135196
-0.08894973
-0.18238886
-0.13331777
0.15698174
-0.14425865
-0.027074812
0.02592453
-0.08400441
-0.0017764918
-0.17021926
0.057402316
0.08910052
-0.0128198685
0.12224156
0.09659212
0.047304593
0.0154517125
-0.018895466
-0.13159256
-0.17204663
0.040409517
-0.1335945
0.18885171
-0.16674396
0.015641112
-0.1014978
-0.08530944
-0.17225327
-0.023857575
0.025847187
0.05073586
-0.17189802
0.091495484
-0.14955659
-0.1159253
-0.07849498
0.119152896
-0.04565868
-0.06346593
0.0003366907
0.026285272
-0.017373875
-0.031513456
-0.018100513
-0.001224755
0.18649769
0.048358418
-0.06845448
0.008593604
-0.019512191
-0.07337218
0.01820972
-0.08516334
-0.046891663
-0.0031175097
0.09466676
-0.19675386
-0.0838995
0.07633351
-0.18635024
0.017665654
0.13748279
-0.067196034
0.047505148
-0.105509244
-0.06586155
0.029909037
0.100596435
-0.03360503
-0.18428487
-0.058279086
0.06461592
0.13977188
0.04829418
0.03410779
-0.055614658
-0.18085273
0.077672616
-0.09906436
-0.03848441
-0.14786096
0.103144296
0.0730281
-0.03739178
-0.10563689
-0.020123068
-0.020345569
-0.08744662
0.0015535308
0.023327086
-0.21375053
0.08388055
-0.22823179
-0.19947319
-0.06978869
-0.06443819
-0.11746742
-0.16158059
0.008502934
0.054965552
0.018660806
-0.003877504
-0.14631277
0.115207456
-0.10069579
0.13274921
0.083454445
-0.01825128
0.017361829
0.104954325
0.099068955
-0.024857981
-0.12677078
0.08231377
0.06887766
-0.0065553254
-0.060338147
-0.12130575
0.07751828
-0.031842425
-0.008112269
0.17080666
0.07903638
0.06488807
-0.0506984
-0.17615965
-0.055982657
0.02306171
0.18409789
-0.02594704
-0.08687089
0.10471095
-0.100297384
0.05284049
0.03459659
-0.22648336
0.10186014
-0.14221835
-0.10158042
-0.03197366
0.03807867
-0.072605334
-0.1428908
0.07966536
-0.11385079
0.065019816
-0.012437517
-0.24882236
0.10970263
0.06508498
0.0837824
-0.027741455
-0.039161734
-0.13430513
-0.1376722
0.028423497
0.19909632
0.09948788
-0.06660142
-0.13541746
-0.06507183
-0.033549942
-0.043082163
-0.08356499
0.051635947
0.094971664
-0.0062658596
0.080649674
0.10294856
0.03201046
-0.045216817
-0.03601144
-0.021185681
-0.061542492
-0.13621107
-0.011717438
0.085512936
0.009089203
0.042096928
0.10394736
-0.07638521
0.22719182
-0.016335985
0.20147638
-0.07947384
-0.05777399
0.020622976
0.052886024
0.09171025
-0.18027994
-0.12962787
-0.09461163
-0.10116487
0.116116315
-0.17834817
-0.06692043
0.019219872
0.18858497
-0.011777043
-0.1199356
0.11082443
0.05661151
-0.20405872
-0.19016162
0.16167903
-0.10164682
0.18116377
0.07925389
0.06646043
-0.016800227
-0.11807866
-0.15682638
0.12154054
0.050002515
0.019546075
-0.14179744
-0.09519351
-0.095845915
0.026690269
0.100014366
0.04473604
0.12000756
0.14519553
0.06268204
0.08107095
-0.13041948
0.18655024
0.005844051
0.13556127
-0.18492118
0.14469947
0.021270646
-0.16352256
-0.0932212
-0.15817022
-0.05362575
-0.0463025
-0.097806126
-0.19399261
0.03011885
0.0036670559
0.01805933
-0.12082466
0.0058672433
0.052865338
-0.13268302
0.06403442
-0.018709598
-0.047241796
0.10488637
0.062242392
0.06272264
-0.087059096
-0.00041600282
-0.0022486737
-0.05854617
0.12817816
-0.18094318
0.06460241
-0.024170699
0.09435255
0.14753042
-0.028334996
-0.12932263
-0.04064971
0.072836965
-0.09632731
0.14341427
-0.06486199
0.0024222825
0.02017196
0.14666729
0.16539952
0.061751965
-0.040729728
-0.0887829
-0.14650896
-0.09519892
-0.06738912
-0.109925844
0.11888509
0.14222558
-0.13445027
-0.008529538
0.0039128964
-0.04714818
0.14687918
0.19860739
0.064747795
-0.07147457
-0.08622775
-0.0879522
-0.084119916
0.09051059
-0.10539604
0.0026152036
-0.16152136
0.042703673
0.13612637
-0.06661907
-0.1457681
0.016830686
-0.1057738
-0.13026203
-0.11228934
-0.10405886
0.045617487
0.054547466
-0.024965702
-0.08099193
-0.01291269
-0.14449424
0.1905013
0.130452
-0.058880802
0.058932275
0.03945587
0.10961705
0.007712603
0.14608555
-0.077331804
-0.18001454
0.05493406
-0.12957752
-0.12808931
0.08654188
0.03474913
0.17773782
-0.04103073
0.14099732
-0.00011111457
